GACTGCGAGGGCATGT	0.853256	0.000510955	0.293416	7345
GGTGCGTAGGCTACGA	0.844339	0.000541694	0.29219	7306
ATGAGGGAGTAGTGCG	0.826177	0.00054109	0.294305	6876
ACTGTCCTCATGCTCC	0.778442	0.000393819	0.299899	6733
CGAACATTCTGATACG	0.802634	0.000501289	0.303393	7142
ACTGTCCCATATGGTC	0.811999	0.000597173	0.300086	6637
GTAACTGAGTGAAGTT	0.796007	0.000461957	0.302377	6747
TCGCGAGGTTCAGACT	0.793374	0.000497051	0.289285	6622
CACCTTGTCAGTTCGA	0.814228	0.000850325	0.299366	6257
AGCTCCTCAAGCCCAC	0.800566	0.000582316	0.297758	6160
GCGCCAATCTGACCTC	0.779513	0.000472451	0.294838	6537
CATTATCCATCGACGC	0.789012	0.000493679	0.296838	6418
ACGCCAGGTTGAACTC	0.825585	0.000587246	0.300008	5745
TTTGCGCCAAGTCTGT	0.780838	0.000461148	0.289393	6269
CTGGTCTTCGGTTAAC	0.801351	0.00104641	0.296674	6526
GCTTCCAGTCCGAGTC	0.800653	0.000540201	0.292022	6189
CGTAGCGCACACATGT	0.763159	0.000337745	0.290378	6342
GTCTCGTCATCTATGG	0.811107	0.000424958	0.290784	5791
GGAATAATCCCTGACT	0.726588	0.000314752	0.307058	6053
TTCGGTCAGAACAATC	0.781639	0.000445535	0.296968	6463
TGCGGGTCAGACGCAA	0.774354	0.000433398	0.291286	6159
CAGCATACACAGACAG	0.77947	0.000446574	0.299264	6296
CGATGGCAGCGTGTCC	0.804436	0.000435709	0.291219	6058
CGATGTAGTATAAACG	0.781298	0.000622057	0.294549	6225
CACTCCAGTCTGCAAT	0.804705	0.000494546	0.298683	6362
TGACTAGGTGTGGTTT	0.793432	0.00040285	0.29549	5854
AACTCTTGTTCTGAAC	0.76397	0.000478413	0.301094	5833
ATTACTCTCGGATGGA	0.776496	0.000421124	0.287872	6160
CTCGTACGTACCGCTG	0.812578	0.000723542	0.290369	5406
CGATTGAAGAAACGCC	0.757876	0.000365341	0.297331	5623
TACTTACTCCTTCAAT	0.749843	0.000562092	0.294904	6031
GACCTGGTCAGAGACG	0.801149	0.000542018	0.291137	5797
CCTTCGAGTGACTACT	0.739289	0.000416211	0.292474	5937
GACGTGCGTTATGCGT	0.80498	0.000448056	0.288407	5387
ATTGGTGTCTCAAGTG	0.814836	0.000534477	0.294528	6017
ACTATCTCAAGGTGTG	0.809878	0.000535253	0.295531	5725
AGAGCTTGTTCTCATT	0.800607	0.000832855	0.293874	5587
CTTGGCTCAGGGAGAG	0.823601	0.000478577	0.286747	5690
GGACGTCGTACTCGCG	0.793344	0.0004608	0.277427	5854
GCAGCCATCATCATTC	0.796837	0.000541912	0.271886	5837
CAAGATCTCCGTCAAA	0.80555	0.000525317	0.300983	5431
TACACGAAGGCAAAGA	0.807644	0.000890072	0.299227	5350
TTAGGCAAGATATACG	0.75077	0.000450897	0.295076	5239
ACACTGAGTCGGGTCT	0.784323	0.000537519	0.29473	5904
AGAGCTTCACGACGAA	0.771145	0.000541024	0.292652	5480
TCGGTAAGTTGAGGTG	0.795629	0.000394443	0.291645	5251
ACACCGGGTACGACCC	0.533857	0.000197546	0.29546	5174
AGAGCGAGTACTCTCC	0.781422	0.000799444	0.289895	5196
GGATTACCATGCAACT	0.7067	0.000507588	0.29696	5062
CTCGAGGAGAGCCCAA	0.78322	0.000503089	0.288454	5395
ACAGCCGTCCCTTGTG	0.808802	0.000675749	0.302755	4330
TGGCCAGCACCTTGTC	0.788805	0.000589582	0.29528	5834
CTCCTAGTCACATACG	0.788521	0.000671119	0.300463	4821
TGAGGGATCCTCTAGC	0.77971	0.000366833	0.291622	4601
GCATGCGTCCTATTCA	0.787425	0.000567318	0.295478	4592
AACACGTCAGCGTAAG	0.808201	0.000731299	0.306664	4573
AAAGATGAGAAACGAG	0.754074	0.000418649	0.298307	5565
TTTATGCAGTTGTCGT	0.788542	0.000583461	0.287497	4826
AACTCTTAGGAACTGC	0.811178	0.000582103	0.304312	4252
CCTACACGTTCCCGAG	0.749312	0.000467946	0.299095	5363
TATCAGGAGGTTACCT	0.788748	0.000508025	0.297843	4348
ATCGAGTTCAAAGACA	0.784983	0.000370731	0.300728	4137
GTTTCTACAAGGTTCT	0.816063	0.000370558	0.297078	4060
TCTTCGGCAGACGTAG	0.804869	0.000714127	0.291263	4659
CCTCAGTCATGGGAAC	0.854641	0.000551744	0.298916	4967
CGATTGATCAACCAAC	0.817629	0.000645676	0.30336	4445
CTAACTTTCTATCCCG	0.809087	0.000826508	0.297757	4328
CAGATCATCGTCGTTC	0.719044	0.000435367	0.29194	4819
GCTGCGACAGAGCCAA	0.819117	0.000759575	0.297746	4284
CGGAGTCCAGCCAGAA	0.773494	0.000442552	0.294472	4104
TCAGCTCGTGACCAAG	0.787148	0.000696085	0.293873	4272
CTCAGAAAGACCCACC	0.800086	0.000491592	0.301568	4219
GTCCTCACAATGGATA	0.761046	0.000650803	0.299422	4490
GAACGGAAGACTAGAT	0.785116	0.000749899	0.29496	4526
CTCGGGAGTGGCCCTA	0.781277	0.000776194	0.295145	4468
TAGGCATTCGTTGCCT	0.78382	0.000653342	0.299567	4218
CCTCAGTTCCACGCAG	0.782988	0.000480532	0.30028	3979
GTATTCTTCCAGAGGA	0.75825	0.000681075	0.295531	3996
ACGCCGAGTAAACGCG	0.761772	0.000756349	0.292413	4233
CGGACGTCAATCGAAA	0.823264	0.000650051	0.305069	4037
AGCGTCGTCCGCGTTT	0.801388	0.000399573	0.155864	4921
TTGACTTCAGAGCCAA	0.814172	0.000634674	0.299601	3927
CAAGTTGTCACGCATA	0.769355	0.000635556	0.303215	3834
AGCGGTCTCGATAGAA	0.740274	0.000571984	0.296365	4438
AAGGCAGCAAGCGCTC	0.808597	0.000798158	0.302496	3790
CCGGGATGTTTAGGAA	0.782148	0.000639825	0.295328	4178
ATCACGAGTAATTGGA	0.678889	0.000431981	0.296204	4190
AAAGCAAGTACCTACA	0.808239	0.0004908	0.303263	3523
CGAGAAGGTAAGTGTA	0.802302	0.000342381	0.302092	3444
GGATTACAGCTAGGCA	0.815159	0.000554703	0.306438	3650
TCAGCAACAGCTGTGC	0.738838	0.000580399	0.298136	3815
GATCGTATCTAAGCCA	0.737991	0.000842004	0.298982	4244
AGCGTCGGTAAACACA	0.819703	0.000627594	0.215885	3870
CGGCTAGAGTAGATGT	0.803547	0.000612846	0.293754	3425
TACTCGCGTTGATTGC	0.818877	0.000701048	0.294475	3716
CACAAACTCTGCTGCT	0.739334	0.000408768	0.304146	3536
TCAGCTCGTTGACGTT	0.725019	0.000660322	0.293787	4316
GCATACAAGTGAACAT	0.711675	0.000737552	0.30871	3892
GCAAACTTCCCTCAGT	0.913131	0.000415113	0.300994	1467
AGAGCGATCGCTTAGA	0.789104	0.000887473	0.253613	3129
ATCGAGTGTCTAGTCA	0.50067	0.000203724	0.288101	2444
AAGTCTGAGGACGAAA	0.462127	0.00012079	0.295853	1685
TATTACCGTCCTCCAT	0.367827	0.000146381	0.282932	1391
AACCATGGTCAGAAGC	0.599216	0.000167556	0.298585	1716
TCAGGTATCCCAGGTG	0.85533	0.000375536	0.284615	2130
TAGAGCTAGCGTCTAT	0.577065	6.26475e-05	0.299117	947
GCGACCAGTCCGAGTC	0.45631	0.000233068	0.268998	1536
TGAGCATTCCCTAATT	0.471988	0.000169921	0.297244	1327
GCGCGATCACTACAGT	0.910453	0.000492523	0.289269	888
TTGAACGCATCGACGC	0.653372	7.47876e-05	0.299067	970
GCAGCCAGTATTCGTG	0.90291	0.000402066	0.296777	1493
CTTAGGAGTCAAAGAT	0.911087	0.000587917	0.302877	1466
CCACGGACAAGTAGTA	0.90252	0.000547412	0.3	1279
GTTACAGGTAGTGAAT	0.911566	0.000618767	0.300142	1152
TGAGCATTCATGGTCA	0.908275	0.000601055	0.281964	1046
AGGCCGTGTGGCCCTA	0.914	0.000690193	0.281338	1020
TCACGAAAGTTTAGGA	0.830319	0.00037447	0.291474	851
TGTGGTAAGACTTTCG	0.892974	0.000839241	0.298719	846
ACTGATGAGTACCGGA	0.913386	0.000800889	0.297187	749
TCTGAGAAGTGACTCT	0.911711	0.000826547	0.287005	778
TGACTTTTCGCCTGTT	0.909041	0.00071289	0.303214	739
TACACGACAAGCCCAC	0.912528	0.000524895	0.302412	590
GCAGTTATCGCTAGCG	0.335632	0.000265663	0.283105	274
GTAGGCCTCACTTACT	0.904812	0.000510174	0.30289	431
CCATGTCAGCGGCTTC	0.901427	0.000517036	0.280576	355
AACCGCGTCATATCGG	0.893793	0.000442066	0.266975	347
AGACGTTTCTGCTGCT	0.90436	0.000614239	0.281493	437
TCCCGATTCGCGGATC	0.776504	0.000460679	0.269373	348
GTGCGTAGGCTACGAG	0.821534	0.000386743	0.328546	314
TCTCATAGTATCAGTC	0.914197	0.000388087	0.288396	340
CGACATTCTGATACGG	0.784252	0.000638436	0.311245	298
TGCTCCTCAAGCCCAC	0.806897	0.000479293	0.119658	376
AACTCTTCCGATCTAA	0	0.000991159	0	283
GGCGACTTCCCAGGTG	0.754757	0.000437413	0.210084	230
TCGCGAGTCCCAGGTG	0.916667	0.000425004	0.326781	204
GTGCAGCTCCCAGGTG	0.909091	0.000341687	0.323684	230
GGCGACTTCATGTCTT	0.857831	0.000446719	0.325843	228
GACACGCTCCCAGGTG	0.837379	0.00029665	0.26087	221
GCAGCCATCCCAGGTG	0.873479	0.0002039	0.328691	209
CAGCGACTCCCAGGTG	0.857843	0.00027571	0.322857	205
GCAGCCATCATGTCTT	0.860349	0.000403909	0.371014	217
CGCCAAGTCCCAGGTG	0.837905	0.000329721	0.261905	219
AAGCAGTGGTATCAAC	0.875949	0.00012564	0.921965	25
CGAGCCATCCCAGGTG	0.109415	0.000411354	-4.13953	204
TGCGCAGTCCCAGGTG	0.873057	0.000309779	0.308605	205
TGGCGCATCCCAGGTG	0.879581	0.000424383	0.321429	195
AAGCCGCTCCCAGGTG	0.868074	0.000429967	0.297872	202
ACGCAGCTCCCAGGTG	0.950725	0.000256598	0.411585	168
GCGCGATAGTTTAGGA	0.798246	0.000265904	0.267399	181
GACGGCTTCCCAGGTG	0.823353	0.000331937	0.221818	192
GCGACCATCCCAGGTG	0.896657	0.000246626	0.281356	184
CAGCTGGTCCCAGGTG	0.862805	0.000370405	0.29682	190
GGCTGGTTCCCAGGTG	0.883792	0.000418799	0.377163	166
CGATGGCTCCCAGGTG	0.780864	0.000268563	0.201581	177
GTGCAGCTCATGTCTT	0.856698	0.000458353	0.283636	214
CGAGCCATCATGTCTT	0.825545	0.000423453	0.313208	191
CAGCAGCTCATGTCTT	0.816199	0.000428106	0.29771	200
ACGAGCCTCCCAGGTG	0.844237	0.00033504	0.335793	171
GATCGCGTCCCAGGTG	0.815873	0.000400186	0.163424	173
CAGCAGCTCCCAGGTG	0.865815	0.00034993	0.306273	171
CAGCGACTCATGTCTT	0.865385	0.000561501	0.32963	202
TCGCGAGTCATGTCTT	0.836013	0.000342485	0.292308	199
CGCCAAGTCATGTCTT	0.825806	0.000409493	0.3125	210
CGATGGCTCATGTCTT	0.829032	0.000533582	0.330739	201
GGACGTCGTGTTAAGA	0.814332	0.000507213	0.128	217
GGGACCTTCCCAGGTG	0.898361	0.000327595	0.357664	164
GCTGGGTTCCCAGGTG	0.873333	0.000346208	0.290076	167
GCATGCGTCCCAGGTG	0.836667	0.000423453	0.2749	163
GTGCGTAGGCTACGAA	0.87291	0.000439739	0.275862	173
CGTCACTTCCCAGGTG	0.849829	0.000308981	0.333333	169
GGCCGATTCCCAGGTG	0.804795	0.000266791	0.268085	162
TGGACGCAGTTTAGGA	0.821306	0.000312704	0.297071	150
GTGCGGTTCCCAGGTG	0.786207	0.000318288	0.25	161
TGGGCGTTCCCAGGTG	0.881533	0.00032201	0.316206	147
TGACGGCTCCCAGGTG	0.835664	0.00032201	0.276151	160
CCAGCGATCCCAGGTG	0.828671	0.000327594	0.257384	173
TGGCGCATCATGTCTT	0.866667	0.00044406	0.323887	214
GGCTGGTTCATGTCTT	0.863158	0.000390879	0.317073	190
GACGCGTTCCCAGGTG	0.859649	0.000418799	0.265306	159
TGGACGCTCCCAGGTG	0.865248	0.000310842	0.315574	173
GCTGCGATCCCAGGTG	0.861702	0.000200093	0.292181	165
GACACGCTCATGTCTT	0.860714	0.000414456	0.307054	172
CGTAGGCTCCCAGGTG	0.83871	0.000388553	0.286325	142
CGACATTCTGATACGA	0.816547	0.000443617	0.370044	142
GTGTTAGTCTGCGGCA	0.714801	0.000409493	0.111111	179
AAGCCGCTCATGTCTT	0.916968	0.000208756	0.38189	179
GGGCACTAGTTTAGGA	0.865942	0.000220701	0.305439	164
GGTGCGTTCCCAGGTG	0.80292	0.000308981	0.245455	163
GCGCAACAGTTTAGGA	0.852941	0.000210064	0.318966	154
GCGCCAATCCCAGGTG	0.837638	0.000374593	0.290749	159
CAGCGACTCGCGGATC	0.837037	0.000459128	0.345133	218
GTGGGTCTCCCAGGTG	0.794776	0.00030712	0.225352	150
GCGCCAATCCCAAGTA	0.798507	0.000297813	0.252336	188
GACGGCTTCATGTCTT	0.906716	0.000332713	0.411523	166
ACGGGCTTCCCAGGTG	0.820225	0.000365286	0.283105	153
TGCCCATTCCCAGGTG	0.883019	0.000386226	0.290598	156
TGCGCAGAGTTTAGGA	0.878788	0.000318288	0.262931	163
GGCGACTTCGCGGATC	0.856061	0.000279202	0.336283	166
GCGCAACTCCCAGGTG	0.806818	0.000502559	0.239437	157
GCGCCAAAGTTTAGGA	0.836502	0.000273616	0.331818	131
GCGACCATCATGTCTT	0.840304	0.00036994	0.280543	198
CAGGTGCTCCCAGGTG	0.862595	0.000297813	0.292035	154
TGCCCATTCATGTCTT	0.881226	0.000381573	0.286957	217
GAGTCCGTCCCAGGTG	0.83908	0.000351326	0.310502	144
GGCGTGTTCCCAGGTG	0.8	0.000248177	0.230769	145
ACAGCCGTCCCAGGTG	0.876448	0.000273616	0.352423	143
ACACCGGTCCCAGGTG	0.816406	0.000219371	0.210526	158
TTGCCGTAGTTTAGGA	0.87451	0.000268032	0.35426	145
CGTAGGCTCATGTCTT	0.803922	0.000536063	0.297561	166
GCTGCGATCATGTCTT	0.814229	0.000330386	0.31068	154
GACGGCTAGTTTAGGA	0.778656	0.000228013	0.253807	148
ACGCAGCTCATGTCTT	0.805556	0.000339693	0.280788	174
TGCGCAGTCATGTCTT	0.880478	0.000330386	0.357466	175
GCGCAGTTCCCAGGTG	0.812749	0.000471537	0.254902	145
TGGCTGGTCCCAGGTG	0.852	0.000459128	0.305164	147
GGGACCTTCATGTCTT	0.832	0.000290369	0.25	176
ACGGCCATCCCAGGTG	0.808	0.00034202	0.272277	152
GGCGACTAGTTTAGGA	0.846774	0.000337366	0.309524	145
GCAGCCATCGCGGATC	0.821862	0.000288506	0.389163	148
TCGCGAGTCGCGGATC	0.780488	0.000309446	0.307292	196
CGTCACTTCATGTCTT	0.762295	0.00032108	0.258065	154
TGCGTGGTCCCAGGTG	0.838843	0.000349	0.261084	152
TGGGCGTAGTTTAGGA	0.854167	0.000240422	0.243902	164
TCAGGTACATATGAGA	0.866667	0.000349	0.278846	151
GCTGCTTTCCCAGGTG	0.920833	0.000496355	0.276018	157
ACGGCCATCATGTCTT	0.9	0.000409493	0.388889	160
TCGAGGCAGTTTAGGA	0.828452	0.000172838	0.343434	117
GGGCATCTCCCAGGTG	0.777311	0.000190122	0.227027	143
CAGCGACAGTTTAGGA	0.840336	0.000443617	0.285	149
CAGCCGATCCCAGGTG	0.831933	0.000330386	0.282828	145
GGCTCGATCCCAGGTG	0.864407	0.000452924	0.284314	135
CCAGCGATCATGTCTT	0.885593	0.000434311	0.330144	173
GGGACCTAGTTTAGGA	0.829787	0.000240112	0.338462	124
ACGGGCTTCATGTCTT	0.812766	0.000316426	0.287958	149
GCGGGTTTCCCAGGTG	0.82906	0.000339693	0.247423	142
TGGCCAGTCCCAGGTG	0.854077	0.00032108	0.306533	137
GGTGCGTTCATGTCTT	0.841202	0.000311773	0.316327	155
TTGCCGTTCATGTCTT	0.818966	0.000302466	0.315789	128
GTGCAGCTCGCGGATC	0.827586	0.000290833	0.348958	165
CATGCCTTCCCAGGTG	0.774892	0.000325733	0.217877	136
CAGCTGGTCATGTCTT	0.800866	0.000431208	0.248649	178
CGTCCATTCATGTCTT	0.847826	0.000381573	0.369231	156
TTGCCGTTCCCAGGTG	0.790393	0.000337366	0.198895	130
ACGCCGAAGTTTAGGA	0.868996	0.000220257	0.286432	142
TACCTTAGTATAAACG	0.855263	0.000255933	0.435897	113
GTGCGGTTCATGTCTT	0.69469	0.000323406	0.11465	144
GCTGGGTTCATGTCTT	0.86036	0.000309446	0.303665	165
GCAGCCAAGCGTCAAG	0.810811	0.000425004	0.238889	151
GACACGCTCGCGGATC	0.824324	0.000393982	0.306011	146
CAAGGCCAGTTTAGGA	0.792793	0.00030712	0.25	120
GACGTGCTCCCAGGTG	0.850679	0.00030014	0.31383	133
AACTCCCTCCCAGGTG	0.873303	0.000428106	0.284974	139
GCTGCAGAGTTTAGGA	0.859091	0.00019544	0.333333	121
GACACGCAGTTTAGGA	0.795455	0.000318753	0.217143	131
CGGACGTTCCCAGGTG	0.863014	0.00023825	0.322751	132
TGACGGCAGTTTAGGA	0.857798	0.0002792	0.358289	107
GGCCGATTCATGTCTT	0.807339	0.000403288	0.261364	155
GGCCGATAGCGTCAAG	0.848624	0.000283853	0.340541	179
TGCGGGTTCCCAGGTG	0.786047	0.000203195	0.224852	117
CGTCAGGTCCCAGGTG	0.860465	0.000418799	0.27027	142
CATATTCAGTCGAGTG	0.855814	0.0003141	0.266304	164
CGCCAAGTCGCGGATC	0.962617	0.000387777	0.393204	168
ACACCGGTCATGTCTT	0.794393	0.000369164	0.3	151
GGGTTGCAGTTTAGGA	0.816901	0.000230805	0.287356	116
CGGCTAGTCCCAGGTG	0.816901	0.000425004	0.212644	119
AGGCCACTCCCAGGTG	0.882629	0.000390879	0.329787	126
GTGCAGCAGTTTAGGA	0.825472	0.000230805	0.291429	128
GGCTGGTTCGCGGATC	0.825472	0.00026524	0.348571	138
CAGCTGGTCGCGGATC	0.781991	0.000159764	0.375758	118
AGGTCCGTCCCAGGTG	0.687204	0.000236389	0.124138	135
TTTGCGCTCCCAGGTG	0.890476	0.000236389	0.320856	126
GTGCGGTAGCGTCAAG	0.857143	0.000240112	0.283333	151
GGTGCGTAGCGTCAAG	0.847619	0.000225221	0.320225	160
GCGCAACTCATGTCTT	0.795238	0.00032108	0.173653	157
CACAGGCTCCCAGGTG	0.885167	0.000406391	0.291892	123
TCGAGGCTCCCAGGTG	0.903846	0.000425004	0.271277	139
GGGCATCTCATGTCTT	0.855769	0.000329456	0.337079	134
GCGCCAATCATGTCTT	0.831731	0.000586319	0.271676	171
CAGAATCTCCTGCTTG	0.870192	6.88692e-05	0.38674	17
CAACCAAGTCGCTTCT	0.836538	0.000381573	0.293103	147
AAGCCGCTCGCGGATC	0.913462	0.000372266	0.368421	142
GGCGTGTTCATGTCTT	0.796117	0.000290833	0.237805	137
GCAGCCAAGTTTAGGA	0.8	0.000359857	0.292683	121
AGGTCCGAGTTTAGGA	0.785366	0.000262913	0.298137	114
CGTCCATTCCCAGGTG	0.803922	0.000381573	0.25	127
AGCAGCCTCCCAGGTG	0.833333	0.000245696	0.223529	128
GGTGCGTAGTTTAGGA	0.871921	0.000344346	0.372881	107
CGGAGCTTCCCAGGTG	0.788177	0.000297813	0.2	132
GTCTTCGTCCCAGGTG	0.851485	0.000304017	0.430233	104
GACGCGTTCATGTCTT	0.782178	0.000393982	0.196203	169
GACGCGTAGTTTAGGA	0.816832	0.00018148	0.290909	104
ATGGGAGTCATAACCG	0.737624	0.00029316	0.154362	195
GTCTCGTCCGATCTGT	0.905473	0.000921359	0.456044	116
GACGCGTAGCGTCAAG	0.845771	0.00033504	0.364706	139
TGAGCCGAGTTTAGGA	0.77	0.000173724	0.272727	110
GTGTGCGTCCCAGGTG	0.83	0.000397084	0.228916	136
CGAGCACTCCCAGGTG	0.86	0.0002792	0.302326	121
TGGGCGTAGCGTCAAG	0.80402	0.000369164	0.25625	137
