CB	CorrectedReads	MappedReads	DeduplicatedReads	MappingRate	DedupRate	MeanByMax	NumGenesExpressed	NumGenesOverMean
GCATACAAGTGAACAT	30271	25618	13572	0.8462885	0.5297837	0.013617592	5164	1061
AGCGTCGGTAAACACA	34100	29753	15460	0.872522	0.5196115	0.013967566	4710	696
CTCAGAAAGACCCACC	43215	37706	18332	0.8725211	0.48618257	0.014306339	5295	906
GCTGCGACAGAGCCAA	46090	40199	19443	0.8721849	0.48366874	0.011697402	5162	940
AGCGGTCTCGATAGAA	36567	31988	19133	0.8747778	0.5981305	0.016617162	6060	825
TACTCGCGTTGATTGC	33696	29498	14291	0.8754155	0.48447353	0.014536137	4389	679
AAAGCAAGTACCTACA	35640	31214	14446	0.87581366	0.46280515	0.015009331	4316	648
TAGGCATTCGTTGCCT	41585	36024	17620	0.8662739	0.48911837	0.01031326	5339	863
CAGATCATCGTCGTTC	45016	39142	23393	0.86951303	0.59764445	0.012528452	7046	985
ATCGAGTGTCTAGTCA	13810	11553	7519	0.8365677	0.65082663	0.008484827	4065	1107
GATCGTATCTAAGCCA	33370	28735	15333	0.86110276	0.53360015	0.02097971	5579	1250
CACAAACTCTGCTGCT	33276	27714	12965	0.8328525	0.4678141	0.011948648	4540	881
GCAAACTTCCCTCAGT	21088	19154	7625	0.9082891	0.39808917	0.020254098	1379	220
CTCGGGAGTGGCCCTA	42196	36566	18851	0.866575	0.51553357	0.011829392	5631	955
CCTCAGTTCCACGCAG	41534	35934	17170	0.8651707	0.47782046	0.012525935	5212	751
CGAGAAGGTAAGTGTA	35726	30507	14203	0.8539159	0.4655653	0.007812865	4141	622
AGAGCGATCGCTTAGA	18269	15786	9015	0.8640867	0.5710756	0.022402858	3469	725
GTATTCTTCCAGAGGA	40034	34019	16309	0.8497527	0.47940856	0.013765623	4999	755
TTGACTTCAGAGCCAA	38348	33521	16780	0.87412643	0.50058174	0.010968597	4751	827
ATCGAGTTCAAAGACA	48833	42269	19100	0.8655827	0.4518678	0.011742487	5386	764
AAGGCAGCAAGCGCTC	36913	32053	15230	0.86833906	0.47515053	0.016363887	4518	693
AGCGTCGTCCGCGTTT	38465	34165	23959	0.88821006	0.70127326	0.0135897035	6554	1023
GGATTACAGCTAGGCA	34923	30507	14428	0.87355036	0.47294062	0.012847455	4336	651
GTCCTCACAATGGATA	42858	37083	19102	0.8652527	0.5151147	0.010919722	6074	930
TCAGCAACAGCTGTGC	33898	28863	14494	0.8514662	0.5021654	0.013961669	4991	1074
GAACGGAAGACTAGAT	42534	36789	19024	0.8649316	0.5171111	0.011843079	5597	990
CAAGTTGTCACGCATA	37879	32433	15850	0.8562264	0.4886998	0.015303364	4932	723
TCAGCTCGTTGACGTT	32684	28707	17636	0.8783197	0.61434495	0.01570593	6136	1359
CCGGGATGTTTAGGAA	36294	31120	16152	0.857442	0.5190231	0.010801181	5052	810
CGGAGTCCAGCCAGAA	45580	38407	17291	0.84262836	0.4502044	0.01130719	5237	725
CGGCTAGAGTAGATGT	33344	29244	13888	0.8770394	0.47490084	0.016781054	4138	650
ACGCCGAGTAAACGCG	40072	34020	16621	0.84897184	0.48856556	0.015559019	5535	805
TCAGCTCGTGACCAAG	44286	37934	18151	0.8565687	0.47848895	0.012335669	5312	815
ATCACGAGTAATTGGA	34398	29662	17739	0.86231756	0.5980379	0.0127738165	6172	1172
CGGACGTCAATCGAAA	39952	35326	16960	0.88421106	0.48009965	0.0135679785	4771	762
CTAACTTTCTATCCCG	46866	41307	20215	0.8813852	0.48938435	0.013159317	5506	982
TGACTAGGTGTGGTTT	71077	63360	36991	0.89142764	0.5838226	0.00911512	8149	1278
GCTTCCAGTCCGAGTC	79324	70519	41450	0.8889995	0.5877848	0.012757827	8618	1396
ACTGTCCTCATGCTCC	102579	91090	52353	0.8879985	0.5747393	0.005945656	10156	1413
GCGCCAATCTGACCTC	87638	77440	45235	0.8836349	0.58412963	0.009407264	9503	1567
CTGGTCTTCGGTTAAC	81206	72170	42621	0.8887274	0.59056395	0.014102658	9103	1607
CGTAGCGCACACATGT	78597	68256	39769	0.8684301	0.58264476	0.0070333956	9194	1232
CACTCCAGTCTGCAAT	71735	63174	37058	0.880658	0.5866021	0.010532287	8318	1361
GACTGCGAGGGCATGT	121045	108421	61794	0.8957082	0.5699449	0.009772448	9466	1532
AGCTCCTCAAGCCCAC	92774	80301	39118	0.865555	0.48714212	0.009107537	8244	1514
GGTGCGTAGGCTACGA	110340	99125	57060	0.8983596	0.5756368	0.010072355	9717	1659
ACTGTCCCATATGGTC	98125	87536	50396	0.8920866	0.5757174	0.011656454	9523	1462
CATTATCCATCGACGC	84403	75222	43795	0.89122427	0.58221	0.009002396	9284	1443
GTCTCGTCATCTATGG	78192	69973	40489	0.894887	0.5786375	0.009691116	7958	1051
CGATGTAGTATAAACG	73859	65548	39275	0.8874748	0.5991792	0.013266152	8759	1423
TGCGGGTCAGACGCAA	76354	67015	39210	0.8776881	0.5850929	0.009395911	8767	1270
CGATGGCAGCGTGTCC	75866	66704	39184	0.87923443	0.587431	0.009536124	8169	1275
ACGCCAGGTTGAACTC	85552	74522	36112	0.8710726	0.48458174	0.0065115476	7240	1333
GGAATAATCCCTGACT	76440	67230	38803	0.8795133	0.5771679	0.0064219236	9397	1179
GTAACTGAGTGAAGTT	92856	82494	46697	0.8884079	0.56606543	0.009533649	9548	1550
TTCGGTCAGAACAATC	77518	68304	39692	0.8811373	0.581108	0.009628236	9001	1270
TTTGCGCCAAGTCTGT	83600	74230	43234	0.88791865	0.582433	0.0097988285	9192	1390
CGAACATTCTGATACG	103253	91938	52792	0.89041483	0.574213	0.009226609	10328	1544
CACCTTGTCAGTTCGA	92879	81044	39973	0.8725762	0.4932259	0.009831592	8247	1494
TACACGAAGGCAAAGA	60733	53082	27000	0.87402236	0.508647	0.013775651	6644	1060
TCGCGAGGTTCAGACT	91897	81332	47610	0.8850343	0.58537847	0.010412064	9428	1349
CTCGAGGAGAGCCCAA	56059	49300	29533	0.8794306	0.59904665	0.01291992	7350	1034
ATGAGGGAGTAGTGCG	105492	94293	54110	0.8938403	0.5738496	0.010160358	9510	1575
AGAGCTTGTTCTCATT	63064	54788	28989	0.8687682	0.5291122	0.01028804	7062	1264
GGATTACCATGCAACT	55806	47972	28217	0.8596208	0.5881973	0.010359805	7782	1120
AACACGTCAGCGTAAG	52634	45323	22368	0.8610974	0.49352425	0.010992322	5575	873
CAGCATACACAGACAG	76076	67297	39186	0.88460225	0.5822845	0.009753662	9008	1301
AAAGATGAGAAACGAG	51530	44580	26318	0.8651271	0.59035444	0.010226699	7569	1131
TCGGTAAGTTGAGGTG	57269	51022	29969	0.8909183	0.5873741	0.0098843975	7134	946
ACTATCTCAAGGTGTG	63524	56695	33223	0.8924973	0.58599526	0.012552612	7562	1181
TTAGGCAAGATATACG	57499	50659	29532	0.8810414	0.5829566	0.011018051	7593	1204
TTTATGCAGTTGTCGT	52481	45409	21907	0.8652465	0.4824374	0.009340061	6238	993
TCTTCGGCAGACGTAG	49315	42952	21066	0.87097234	0.49045447	0.009920181	5850	990
AACTCTTGTTCTGAAC	70886	62732	36202	0.88497025	0.57708985	0.009691501	8607	1174
CCTACACGTTCCCGAG	49706	43842	26255	0.8820263	0.59885496	0.012218118	7702	1290
AGAGCGAGTACTCTCC	56951	49425	25188	0.8678513	0.50962067	0.010706657	6819	1269
CCTCAGTCATGGGAAC	49453	43046	23150	0.8704426	0.5377968	0.009843701	5273	944
GGACGTCGTACTCGCG	62979	55919	33926	0.88789916	0.606699	0.011292105	8120	1198
CTCGTACGTACCGCTG	71610	62000	29680	0.86580086	0.47870967	0.013147113	6841	1078
AACTCTTAGGAACTGC	51650	44731	20737	0.86604065	0.46359348	0.0111095635	5258	976
TGAGGGATCCTCTAGC	55294	46718	21910	0.8449018	0.46898413	0.008524336	5936	956
ATTACTCTCGGATGGA	70531	62555	37118	0.88691497	0.59336585	0.009141266	8808	1318
ATTGGTGTCTCAAGTG	63604	56863	33711	0.8940161	0.592846	0.012325267	7837	1297
GACCTGGTCAGAGACG	68182	60377	35688	0.88552696	0.59108603	0.01273062	7787	1308
ACACCGGGTACGACCC	53389	44510	27896	0.8336923	0.62673557	0.0030004631	9044	1256
CCTTCGAGTGACTACT	64784	57026	33703	0.8802482	0.5910111	0.009712471	8785	1393
GTTTCTACAAGGTTCT	49323	43261	19841	0.8770959	0.4586348	0.01003637	5069	869
TATCAGGAGGTTACCT	49293	42431	19721	0.86079156	0.4647781	0.010872603	5581	847
GCAGCCATCATCATTC	62863	55835	33916	0.88820136	0.6074326	0.0127123725	8134	1189
TACTTACTCCTTCAAT	68171	60308	36089	0.8846577	0.5984115	0.012346338	8939	1320
CTCCTAGTCACATACG	55920	48615	23635	0.86936694	0.48616683	0.01058297	6291	1162
GCATGCGTCCTATTCA	54014	46270	22347	0.8566298	0.48296952	0.009044219	5883	996
TGGCCAGCACCTTGTC	55602	49339	29761	0.88736016	0.60319424	0.014117787	7925	1522
CGATTGATCAACCAAC	48660	42558	19928	0.8745993	0.46825507	0.011959159	5358	920
CGATTGAAGAAACGCC	69189	60594	34943	0.87577504	0.5766743	0.008639881	8154	979
ACAGCCGTCCCTTGTG	56733	49112	21918	0.865669	0.44628605	0.009710777	5374	736
GACGTGCGTTATGCGT	64422	57112	33394	0.88652945	0.5847107	0.011133259	7193	1131
ACACTGAGTCGGGTCT	58169	51199	30588	0.8801767	0.59743357	0.013118247	7931	1473
AGAGCTTCACGACGAA	57507	50590	29837	0.879719	0.58978057	0.014529784	7522	1317
CTTGGCTCAGGGAGAG	63013	56349	33444	0.894244	0.5935154	0.01171353	7416	1200
CAAGATCTCCGTCAAA	61890	55313	32389	0.8937308	0.58555853	0.014389957	7453	1156
