CB	CorrectedReads	MappedReads	DeduplicatedReads	MappingRate	DedupRate	MeanByMax	NumGenesExpressed	NumGenesOverMean	ArborescenceCount
TCGCGAGGTTCAGACT	95259	74962	53037	0.786928	0.292482	0.00805621	6728	1079	1.41339
CGAACATTCTGATACG	106072	84395	58547	0.795639	0.306274	0.00743685	7347	1238	1.44149
CACCTTGTCAGTTCGA	94756	76300	53271	0.805226	0.301822	0.0143518	6402	919	1.4323
ATGAGGGAGTAGTGCG	108173	88481	62196	0.817958	0.297069	0.00832595	7081	1151	1.42262
GGTGCGTAGGCTACGA	111987	93608	66002	0.835883	0.294911	0.00783094	7522	1238	1.41826
ACTGTCCTCATGCTCC	106085	81879	57082	0.771824	0.302849	0.00619664	6956	957	1.43441
ACTGTCCCATATGGTC	100776	81066	56534	0.804418	0.302618	0.00947029	6841	1068	1.43393
GTAACTGAGTGAAGTT	95964	75699	52599	0.788827	0.305156	0.00741006	6828	1066	1.43917
GACTGCGAGGGCATGT	123419	104128	73312	0.843695	0.295943	0.00735194	7512	1237	1.42034
CTGGTCTTCGGTTAAC	83524	66286	46494	0.793616	0.298585	0.017159	6582	1069	1.42569
GCGCCAATCTGACCTC	90867	70157	49342	0.772084	0.296692	0.00775589	6611	1021	1.42185
GCTTCCAGTCCGAGTC	81832	64846	45767	0.792428	0.29422	0.00930766	6252	953	1.41687
TTTGCGCCAAGTCTGT	86242	66724	47258	0.773683	0.291739	0.00790348	6322	887	1.41191
CATTATCCATCGACGC	87166	68167	47738	0.782037	0.29969	0.00825849	6512	908	1.42794
AGCTCCTCAAGCCCAC	94322	74716	52282	0.792138	0.300257	0.0100765	6176	857	1.4291
ACGCCAGGTTGAACTC	86833	70939	49479	0.816959	0.302513	0.0109206	5731	877	1.43372
CGTAGCGCACACATGT	80991	61063	43203	0.753948	0.292485	0.00574081	6395	893	1.4134
GTCTCGTCATCTATGG	80871	65029	45952	0.804108	0.293361	0.00789108	5836	851	1.41515
CAGCATACACAGACAG	78978	61005	42580	0.77243	0.302024	0.00761001	6380	934	1.43271
CGATGTAGTATAAACG	77530	60031	42267	0.774294	0.295914	0.0105887	6316	1084	1.42028
TGCGGGTCAGACGCAA	79762	61116	43179	0.76623	0.293491	0.0076103	6235	955	1.41541
TGACTAGGTGTGGTTT	74092	58234	40901	0.785969	0.297644	0.00739867	5920	958	1.42378
GGAATAATCCCTGACT	80823	58307	40254	0.721416	0.30962	0.00561198	6098	783	1.44848
TTCGGTCAGAACAATC	80083	61970	43461	0.773822	0.298677	0.00741272	6554	937	1.42588
CGATGGCAGCGTGTCC	78133	62097	43831	0.79476	0.294153	0.00774528	6101	854	1.41674
CACTCCAGTCTGCAAT	74262	59186	41435	0.796989	0.299919	0.00841926	6419	1027	1.42841
AACTCTTGTTCTGAAC	73800	55861	38931	0.756924	0.303074	0.00880931	5888	837	1.43487
ATTACTCTCGGATGGA	73238	56356	39992	0.769491	0.290368	0.00737728	6231	967	1.40918
TACTTACTCCTTCAAT	71731	53321	37480	0.743347	0.297087	0.00995325	6064	933	1.42265
CTCGTACGTACCGCTG	72889	58587	41358	0.803784	0.294075	0.014267	5422	761	1.41658
GACCTGGTCAGAGACG	70857	56191	39701	0.79302	0.293463	0.0100527	5834	1024	1.41535
GACGTGCGTTATGCGT	66824	53301	37775	0.797633	0.291289	0.00896916	5462	853	1.41101
CCTTCGAGTGACTACT	68175	50056	35331	0.734228	0.294171	0.00762392	5991	895	1.41677
CGATTGAAGAAACGCC	72628	54553	38202	0.751129	0.299727	0.00697585	5684	692	1.42801
ATTGGTGTCTCAAGTG	65623	52941	37269	0.806745	0.296028	0.00959544	6050	958	1.42051
ACTATCTCAAGGTGTG	65621	52633	36968	0.802076	0.297627	0.0100479	5767	868	1.42374
CTTGGCTCAGGGAGAG	64853	52904	37612	0.815753	0.289052	0.00903284	5727	936	1.40657
AGAGCTTGTTCTCATT	64902	51416	36201	0.79221	0.29592	0.0157493	5620	976	1.42029
GGACGTCGTACTCGCG	64813	50941	36717	0.785969	0.279225	0.00847203	5897	896	1.3874
CAAGATCTCCGTCAAA	63929	50995	35584	0.797682	0.302206	0.0103834	5503	865	1.43309
GCAGCCATCATCATTC	64810	51086	37092	0.788243	0.27393	0.00989341	5897	893	1.37728
TACACGAAGGCAAAGA	62660	50057	34945	0.798867	0.301896	0.0178088	5343	821	1.43245
AGAGCTTCACGACGAA	60108	45871	32366	0.763143	0.294413	0.0106763	5492	842	1.41726
ACACCGGGTACGACCC	59087	31415	22054	0.531674	0.297979	0.00408022	5263	638	1.42446
TCGGTAAGTTGAGGTG	59524	46920	33175	0.788253	0.292945	0.00806792	5281	715	1.41432
TTAGGCAAGATATACG	60406	44946	31598	0.744065	0.296979	0.00935247	5272	794	1.42243
ACACTGAGTCGGGTCT	60243	46854	32997	0.77775	0.295748	0.00984409	5954	979	1.41995
AGAGCGAGTACTCTCC	58725	45447	32148	0.773895	0.292627	0.0165005	5245	702	1.41368
CTCGAGGAGAGCCCAA	58188	45077	32028	0.774679	0.289482	0.00986549	5444	904	1.40742
GGATTACCATGCAACT	58510	40968	28718	0.700188	0.299014	0.0106836	5091	661	1.42656
ACAGCCGTCCCTTGTG	58076	46502	32285	0.800709	0.305729	0.0167145	4303	499	1.44036
TGGCCAGCACCTTGTC	57402	44790	31525	0.780286	0.29616	0.010782	5863	996	1.42078
AACACGTCAGCGTAAG	53848	43107	29754	0.800531	0.309764	0.0171565	4594	700	1.44878
TGAGGGATCCTCTAGC	56689	43791	30885	0.772478	0.294718	0.00862201	4587	573	1.41787
GCATGCGTCCTATTCA	55444	43229	30338	0.779688	0.298203	0.0130325	4634	587	1.42491
CTCCTAGTCACATACG	57306	44737	31181	0.780669	0.303015	0.0148472	4855	654	1.43475
AAAGATGAGAAACGAG	53813	40160	28089	0.746288	0.300573	0.00806353	5599	757	1.42974
TTTATGCAGTTGTCGT	53656	41845	29681	0.779876	0.290692	0.0129812	4856	570	1.40982
CCTACACGTTCCCGAG	51933	38597	27002	0.743208	0.300412	0.00937422	5418	1026	1.42941
AACTCTTAGGAACTGC	52801	42420	29350	0.803394	0.308109	0.0146874	4236	598	1.44532
ATCGAGTTCAAAGACA	50596	39359	27394	0.777907	0.303997	0.00965412	4133	434	1.43677
TATCAGGAGGTTACCT	50906	39685	27762	0.779574	0.300441	0.0124393	4337	504	1.42947
CCTCAGTCATGGGAAC	49670	41905	29289	0.843668	0.301062	0.0120815	4978	852	1.43074
GTTTCTACAAGGTTCT	50327	40670	28460	0.808115	0.300221	0.00989995	4047	440	1.42902
TCTTCGGCAGACGTAG	50156	39945	28210	0.796415	0.293779	0.0162365	4683	574	1.41599
CTAACTTTCTATCCCG	48001	38477	26938	0.801587	0.299893	0.0201363	4388	559	1.42835
CAGATCATCGTCGTTC	47228	33716	23799	0.713899	0.294133	0.00973478	4870	732	1.4167
CGATTGATCAACCAAC	49646	40198	27877	0.809693	0.306508	0.0150115	4499	529	1.44198
GCTGCGACAGAGCCAA	46964	38077	26639	0.81077	0.300391	0.0189316	4290	553	1.42937
CTCAGAAAGACCCACC	44239	35030	24361	0.791835	0.304568	0.0124847	4244	628	1.43795
CGGAGTCCAGCCAGAA	46608	35659	25047	0.765083	0.297597	0.0118169	4074	408	1.42368
GTCCTCACAATGGATA	44134	33221	23240	0.75273	0.300442	0.0155027	4502	657	1.42948
TCAGCTCGTGACCAAG	45534	35454	24944	0.778627	0.29644	0.0170749	4294	565	1.42134
GAACGGAAGACTAGAT	43670	33853	23802	0.7752	0.296901	0.0179979	4483	674	1.42228
CTCGGGAGTGGCCCTA	43315	33449	23497	0.772227	0.297528	0.0184761	4478	658	1.42354
TAGGCATTCGTTGCCT	42682	33106	23072	0.775643	0.303087	0.0164422	4228	576	1.4349
CCTCAGTTCCACGCAG	42477	32932	22965	0.77529	0.302654	0.0131189	3963	499	1.43401
ACGCCGAGTAAACGCG	41095	30986	21850	0.754009	0.294843	0.0186042	4275	526	1.41812
GTATTCTTCCAGAGGA	41667	31275	21948	0.750594	0.298225	0.0181403	3988	534	1.42496
CAAGTTGTCACGCATA	39099	29795	20670	0.76204	0.306259	0.017838	3829	524	1.44146
TTGACTTCAGAGCCAA	39106	31501	21989	0.805529	0.301959	0.017335	3903	591	1.43258
CGGACGTCAATCGAAA	40999	33399	23157	0.81463	0.306656	0.0170025	4080	554	1.44229
AGCGTCGTCCGCGTTT	39333	31232	26318	0.794041	0.157339	0.00863113	4944	661	1.18672
ATCACGAGTAATTGGA	36710	24703	17368	0.672923	0.296927	0.0110591	4223	573	1.42233
AGCGGTCTCGATAGAA	38429	28200	19794	0.733821	0.298085	0.0138726	4449	654	1.42467
CCGGGATGTTTAGGAA	37296	28878	20282	0.774292	0.297666	0.016531	4159	709	1.42382
CGAGAAGGTAAGTGTA	36399	28867	20057	0.793071	0.305193	0.0108678	3424	452	1.43925
AAGGCAGCAAGCGCTC	37711	30143	20948	0.799316	0.305046	0.0230472	3803	486	1.43894
AAAGCAAGTACCTACA	36702	29407	20404	0.801237	0.306152	0.0149416	3533	450	1.44124
GGATTACAGCTAGGCA	35517	28672	19807	0.807275	0.309187	0.0165257	3633	461	1.44757
TCAGCAACAGCTGTGC	35365	25851	18089	0.730977	0.300259	0.0161937	3851	553	1.4291
GATCGTATCTAAGCCA	34621	25264	17679	0.729731	0.30023	0.0216957	4267	677	1.42904
AGCGTCGGTAAACACA	34482	27962	21868	0.810916	0.217939	0.0173563	3868	507	1.27867
TCAGCTCGTTGACGTT	34366	24757	17450	0.720392	0.295149	0.0164784	4340	700	1.41874
CGGCTAGAGTAGATGT	34451	27393	19276	0.795129	0.296317	0.019262	3428	459	1.42109
ATCGAGTGTCTAGTCA	15661	7843	5591	0.500798	0.287135	0.00889239	2495	359	1.40279
GCATACAAGTGAACAT	31957	22498	15506	0.704009	0.310783	0.0200403	3904	738	1.45092
AAGTCTGAGGACGAAA	13202	6092	4279	0.461445	0.297603	0.0076301	1715	172	1.4237
TATTACCGTCCTCCAT	11867	4385	3144	0.369512	0.28301	0.011112	1466	148	1.39472
CACAAACTCTGCTGCT	34385	25133	17442	0.730929	0.306012	0.0123209	3550	460	1.44095
TACTCGCGTTGATTGC	34391	27866	19616	0.81027	0.29606	0.0200765	3745	455	1.42058
AACCATGGTCAGAAGC	10966	6542	4586	0.596571	0.298991	0.0102469	1776	240	1.42652
GCGACCAGTCCGAGTC	8709	3952	2909	0.453783	0.263917	0.016024	1565	330	1.35854
TGAGCATTCCCTAATT	8532	4005	2827	0.469409	0.294132	0.0139212	1336	168	1.4167
AGAGCGATCGCTTAGA	18943	14796	11019	0.78108	0.255272	0.0305046	3114	590	1.34277
TCAGGTATCCCAGGTG	10479	8862	6325	0.845691	0.286278	0.0189471	2114	445	1.40111
TAGAGCTAGCGTCTAT	10011	5726	3994	0.571971	0.30248	0.00774333	955	30	1.43365
GCGCGATCACTACAGT	8342	7518	5329	0.901223	0.291168	0.0584397	894	182	1.41077
CTTAGGAGTCAAAGAT	5646	5100	3542	0.903294	0.30549	0.0426497	1463	268	1.43986
GCAAACTTCCCTCAGT	20928	18939	13199	0.90496	0.303078	0.0300832	1465	200	1.43488
CCACGGACAAGTAGTA	5119	4576	3182	0.893925	0.304633	0.0469579	1279	216	1.43809
GTTACAGGTAGTGAAT	3856	3471	2433	0.900156	0.299049	0.0583621	1158	180	1.42663
GCAGCCAGTATTCGTG	6736	6015	4208	0.892963	0.300416	0.0292722	1482	297	1.42942
TGAGCATTCATGGTCA	3565	3188	2281	0.89425	0.284504	0.0610415	1038	184	1.39763
TCACGAAAGTTTAGGA	2599	2131	1513	0.819931	0.290005	0.0467321	852	213	1.40846
AGGCCGTGTGGCCCTA	3500	3162	2261	0.903429	0.284946	0.0716459	1018	176	1.3985
TTGAACGCATCGACGC	7221	4681	3276	0.648248	0.30015	0.00942001	981	38	1.42888
GCAGTTATCGCTAGCG	1305	444	318	0.34023	0.283784	0.110801	287	33	1.39623
TCTGAGAAGTGACTCT	2186	1970	1405	0.901189	0.286802	0.112149	783	220	1.40214
TACACGACAAGCCCAC	1772	1604	1113	0.905192	0.30611	0.0912295	610	169	1.44115
TGTGGTAAGACTTTCG	2448	2154	1507	0.879902	0.300371	0.111201	847	223	1.42933
TGACTTTTCGCCTGTT	1814	1633	1133	0.900221	0.306185	0.107048	756	198	1.44131
CCATGTCAGCGGCTTC	771	685	491	0.888457	0.283212	0.148249	368	100	1.39511
GTAGGCCTCACTTACT	956	859	598	0.898536	0.303842	0.123042	443	100	1.43645
ACTGATGAGTACCGGA	2413	2175	1520	0.901368	0.301149	0.110965	761	212	1.43092
TCCCGATTCGCGGATC	698	532	386	0.762178	0.274436	0.140262	344	55	1.37824
AGACGTTTCTGCTGCT	711	639	457	0.898734	0.28482	0.149054	438	60	1.39825
AACCGCGTCATATCGG	725	640	469	0.882759	0.267188	0.128846	364	102	1.36461
TGCTCCTCAAGCCCAC	580	467	411	0.805172	0.119914	0.136273	377	56	1.13625
AACTCTTCCGATCTAA	485	352	214	0.725773	0.392045	0.375439	285	177	1.64486
GGCGACTTCCCAGGTG	473	404	280	0.854123	0.306931	0.20202	231	40	1.44286
CGACATTCTGATACGG	635	495	335	0.779528	0.323232	0.223333	300	46	1.47761
GTGCGTAGGCTACGAG	678	550	368	0.811209	0.330909	0.130635	313	51	1.49457
TCTCATAGTATCAGTC	641	582	413	0.907956	0.290378	0.12076	342	62	1.4092
TCGCGAGTCCCAGGTG	444	376	269	0.846847	0.284574	0.219771	204	48	1.39777
GTGCAGCTCCCAGGTG	418	352	255	0.842105	0.275568	0.158385	230	29	1.38039
GGCGACTTCATGTCTT	415	342	240	0.824096	0.298246	0.208696	230	37	1.425
GACACGCTCCCAGGTG	412	357	254	0.866505	0.288515	0.135106	235	32	1.40551
GCAGCCATCCCAGGTG	411	346	240	0.841849	0.306358	0.104393	209	32	1.44167
AAGCAGTGGTATCAAC	395	40	26	0.101266	0.35	0.541667	24	2	1.53846
CAGCGACTCCCAGGTG	408	339	235	0.830882	0.306785	0.144704	203	33	1.44255
CGCCAAGTCCCAGGTG	401	339	242	0.845387	0.286136	0.160797	215	28	1.40083
GCAGCCATCATGTCTT	401	331	212	0.825436	0.359517	0.198131	214	153	1.56132
AAGCCGCTCCCAGGTG	379	324	231	0.854881	0.287037	0.228713	202	28	1.4026
CGAGCCATCCCAGGTG	393	338	222	0.860051	0.343195	0.213462	208	27	1.52252
ACGCAGCTCCCAGGTG	345	269	189	0.77971	0.297398	0.163636	165	27	1.42328
TGCGCAGTCCCAGGTG	386	330	229	0.854922	0.306061	0.160364	204	32	1.44105
TGGCGCATCCCAGGTG	382	324	223	0.848168	0.311728	0.233508	191	30	1.45291
GACGGCTTCCCAGGTG	334	291	212	0.871257	0.271478	0.185965	190	25	1.37264
CAGCTGGTCCCAGGTG	328	284	194	0.865854	0.316901	0.207487	187	20	1.46392
GCGACCATCCCAGGTG	329	273	204	0.829787	0.252747	0.144886	176	29	1.33824
GCGCGATAGTTTAGGA	342	271	196	0.792398	0.276753	0.158192	177	23	1.38265
GGCTGGTTCCCAGGTG	327	250	178	0.764526	0.288	0.266467	167	19	1.40449
GTGCAGCTCATGTCTT	321	263	196	0.819315	0.254753	0.23445	209	118	1.34184
CGAGCCATCATGTCTT	321	263	180	0.819315	0.315589	0.235602	191	115	1.46111
CGATGGCTCCCAGGTG	324	276	203	0.851852	0.264493	0.161111	180	30	1.35961
CAGCAGCTCATGTCTT	321	270	181	0.841121	0.32963	0.221814	204	129	1.49171
ACGAGCCTCCCAGGTG	321	253	176	0.788162	0.304348	0.209524	168	26	1.4375
GATCGCGTCCCAGGTG	315	271	213	0.860317	0.214022	0.240678	177	34	1.2723
CAGCAGCTCCCAGGTG	313	268	187	0.85623	0.302239	0.218713	171	21	1.43316
CAGCGACTCATGTCTT	312	262	181	0.839744	0.30916	0.29868	202	131	1.44751
GGACGTCGTGTTAAGA	307	267	214	0.869707	0.198502	0.254762	210	15	1.24766
TCGCGAGTCATGTCTT	311	254	182	0.81672	0.283465	0.183838	198	131	1.3956
CGCCAAGTCATGTCTT	310	252	174	0.812903	0.309524	0.208134	209	114	1.44828
CGATGGCTCATGTCTT	310	249	173	0.803226	0.305221	0.284072	203	119	1.43931
GGGACCTTCCCAGGTG	305	258	171	0.845902	0.337209	0.263889	162	23	1.50877
GTGCGTAGGCTACGAA	299	247	188	0.826087	0.238866	0.273256	172	20	1.31383
GCATGCGTCCCAGGTG	300	258	179	0.86	0.306202	0.27454	163	24	1.44134
CGTCACTTCCCAGGTG	293	234	165	0.798635	0.294872	0.196429	168	128	1.41818
GCTGGGTTCCCAGGTG	300	248	184	0.826667	0.258065	0.22303	165	16	1.34783
TGGACGCAGTTTAGGA	291	228	170	0.783505	0.254386	0.219355	155	25	1.34118
GGCCGATTCCCAGGTG	292	238	172	0.815068	0.277311	0.175869	163	21	1.38372
GTGCGGTTCCCAGGTG	290	250	167	0.862069	0.332	0.210063	159	22	1.49701
TGGGCGTTCCCAGGTG	287	236	167	0.8223	0.292373	0.230345	145	21	1.41317
TGACGGCTCCCAGGTG	286	237	173	0.828671	0.270042	0.214907	161	21	1.36994
GACGCGTTCCCAGGTG	285	245	180	0.859649	0.265306	0.28125	160	25	1.36111
CCAGCGATCCCAGGTG	286	244	174	0.853147	0.286885	0.202326	172	17	1.4023
TGGCGCATCATGTCTT	285	243	166	0.852632	0.316872	0.222669	213	116	1.46386
GGCTGGTTCATGTCTT	285	243	163	0.852632	0.329218	0.215608	189	110	1.4908
GCTGCGATCCCAGGTG	282	242	172	0.858156	0.289256	0.130303	165	16	1.40698
CGTAGGCTCCCAGGTG	279	224	166	0.802867	0.258929	0.292254	142	22	1.3494
TGGACGCTCCCAGGTG	282	239	166	0.847518	0.305439	0.191908	173	121	1.43976
GACACGCTCATGTCTT	280	232	166	0.828571	0.284483	0.255876	173	120	1.39759
CGACATTCTGATACGA	278	195	139	0.701439	0.287179	0.333333	139	112	1.40288
GTGTTAGTCTGCGGCA	277	251	175	0.906137	0.302789	0.245787	178	146	1.43429
GGGCACTAGTTTAGGA	276	217	163	0.786232	0.248848	0.141986	164	123	1.33129
GGTGCGTTCCCAGGTG	274	232	167	0.846715	0.280172	0.19881	168	125	1.38922
AAGCCGCTCATGTCTT	277	236	155	0.851986	0.34322	0.126543	175	104	1.52258
GTGGGTCTCCCAGGTG	268	214	164	0.798507	0.233645	0.220134	149	18	1.30488
GCGCAACAGTTTAGGA	272	225	155	0.827206	0.311111	0.145677	152	10	1.45161
CAGCGACTCGCGGATC	270	211	147	0.781481	0.303318	0.224771	218	106	1.43537
GCGCCAATCCCAGGTG	271	219	156	0.808118	0.287671	0.329114	158	120	1.40385
GCGCCAATCCCAAGTA	268	241	159	0.899254	0.340249	0.170053	187	118	1.51572
GCGCCAAAGTTTAGGA	263	218	145	0.828897	0.334862	0.224806	129	17	1.50345
GGCGACTTCGCGGATC	264	212	148	0.80303	0.301887	0.175149	169	100	1.43243
GCGACCATCATGTCTT	263	224	158	0.851711	0.294643	0.198492	199	109	1.41772
GACGGCTTCATGTCTT	268	216	142	0.80597	0.342593	0.212575	167	104	1.52113
TGCGCAGAGTTTAGGA	264	222	168	0.840909	0.243243	0.208696	161	20	1.32143
TGCCCATTCCCAGGTG	265	225	162	0.849057	0.28	0.264706	153	20	1.38889
ACGGGCTTCCCAGGTG	267	233	154	0.872659	0.339056	0.251634	153	15	1.51299
CAGGTGCTCCCAGGTG	262	230	161	0.877863	0.3	0.207742	155	16	1.42857
GCGCAACTCCCAGGTG	264	216	160	0.818182	0.259259	0.339703	157	21	1.35
GAGTCCGTCCCAGGTG	261	204	145	0.781609	0.289216	0.257092	141	15	1.4069
GGCGTGTTCCCAGGTG	260	226	157	0.869231	0.30531	0.182984	143	18	1.43949
TGCCCATTCATGTCTT	261	217	161	0.831418	0.258065	0.185484	217	115	1.34783
GCTGCGATCATGTCTT	253	196	143	0.774704	0.270408	0.232143	154	104	1.37063
ACAGCCGTCCCAGGTG	259	205	146	0.791506	0.287805	0.255245	143	18	1.40411
CGTAGGCTCATGTCTT	255	197	139	0.772549	0.294416	0.262264	159	99	1.41727
ACACCGGTCCCAGGTG	256	223	163	0.871094	0.269058	0.148317	157	18	1.3681
TTGCCGTAGTTTAGGA	255	204	143	0.8	0.29902	0.197241	145	102	1.42657
GACGGCTAGTTTAGGA	253	203	147	0.802372	0.275862	0.152174	161	116	1.38095
ACGCAGCTCATGTCTT	252	219	145	0.869048	0.3379	0.205966	176	103	1.51034
GCGCAGTTCCCAGGTG	251	212	151	0.844622	0.287736	0.349537	144	13	1.40397
GCAGCCATCGCGGATC	247	190	123	0.769231	0.352632	0.20777	148	89	1.54472
TGGCTGGTCCCAGGTG	250	208	148	0.832	0.288462	0.496644	149	124	1.40541
TGCGCAGTCATGTCTT	251	200	141	0.796813	0.295	0.200284	176	89	1.41844
TCGCGAGTCGCGGATC	246	183	130	0.743902	0.289617	0.166667	195	86	1.40769
GGGACCTTCATGTCTT	250	193	149	0.772	0.227979	0.17427	171	107	1.2953
ACGGCCATCCCAGGTG	250	209	146	0.836	0.301435	0.240132	152	108	1.43151
GGCGACTAGTTTAGGA	248	198	142	0.798387	0.282828	0.244828	145	105	1.39437
TCAGGTACATATGAGA	240	222	149	0.925	0.328829	0.243464	153	123	1.48993
ACGGCCATCATGTCTT	240	194	129	0.808333	0.335052	0.27044	159	92	1.50388
TGCGTGGTCCCAGGTG	242	202	148	0.834711	0.267327	0.245033	151	112	1.36486
GCTGCTTTCCCAGGTG	240	214	157	0.891667	0.266355	0.337634	155	17	1.36306
CGTCACTTCATGTCTT	244	199	135	0.815574	0.321608	0.216346	156	91	1.47407
TCGAGGCAGTTTAGGA	239	185	129	0.774059	0.302703	0.156174	118	12	1.43411
CAGCGACAGTTTAGGA	238	196	141	0.823529	0.280612	0.317568	148	116	1.39007
TGGGCGTAGTTTAGGA	240	202	151	0.841667	0.252475	0.157292	160	111	1.33775
GGGCATCTCCCAGGTG	238	200	143	0.840336	0.285	0.142857	143	12	1.3986
GGCTCGATCCCAGGTG	236	207	145	0.877119	0.299517	0.360697	134	17	1.42759
ACGGGCTTCATGTCTT	235	189	131	0.804255	0.306878	0.291111	150	89	1.44275
CAGCCGATCCCAGGTG	238	205	141	0.861345	0.312195	0.243103	145	111	1.4539
GGGACCTAGTTTAGGA	235	188	126	0.8	0.329787	0.208264	121	15	1.49206
CCAGCGATCATGTCTT	236	192	139	0.813559	0.276042	0.25045	185	96	1.38129
GGTGCGTTCATGTCTT	233	188	133	0.806867	0.292553	0.214516	155	93	1.41353
GCGGGTTTCCCAGGTG	234	196	145	0.837607	0.260204	0.243289	149	101	1.35172
TGGCCAGTCCCAGGTG	233	194	137	0.832618	0.293814	0.251838	136	16	1.41606
TTGCCGTTCATGTCTT	232	188	127	0.810345	0.324468	0.251984	126	16	1.48031
CATGCCTTCCCAGGTG	231	181	137	0.78355	0.243094	0.255597	134	13	1.32117
TTGCCGTTCCCAGGTG	229	198	143	0.864629	0.277778	0.277132	129	19	1.38462
CAGCTGGTCATGTCTT	231	193	138	0.835498	0.284974	0.258427	178	96	1.39855
GTGCAGCTCGCGGATC	232	176	125	0.758621	0.289773	0.188253	166	92	1.408
CGTCCATTCATGTCTT	230	180	120	0.782609	0.333333	0.25641	156	78	1.5
ACGCCGAAGTTTAGGA	229	193	139	0.842795	0.279793	0.197163	141	115	1.38849
TACCTTAGTATAAACG	228	154	108	0.675439	0.298701	0.241071	112	90	1.42593
GTGCGGTTCATGTCTT	226	191	138	0.845133	0.277487	0.239583	144	90	1.38406
GCTGGGTTCATGTCTT	222	178	131	0.801802	0.264045	0.198485	165	90	1.35878
GACACGCTCGCGGATC	222	177	126	0.797297	0.288136	0.289655	145	97	1.40476
GACGTGCTCCCAGGTG	221	190	128	0.859729	0.326316	0.242424	132	99	1.48438
GCAGCCAAGCGTCAAG	222	182	135	0.81982	0.258242	0.3	150	91	1.34815
CAAGGCCAGTTTAGGA	222	186	130	0.837838	0.301075	0.275424	118	10	1.43077
AACTCCCTCCCAGGTG	221	186	135	0.841629	0.274194	0.321429	140	103	1.37778
GACACGCAGTTTAGGA	220	185	135	0.840909	0.27027	0.272177	124	11	1.37037
CGGACGTTCCCAGGTG	219	183	125	0.835616	0.31694	0.192308	130	98	1.464
TGACGGCAGTTTAGGA	218	174	116	0.798165	0.333333	0.268519	108	15	1.5
GCTGCAGAGTTTAGGA	220	175	125	0.795455	0.285714	0.170765	122	10	1.4
CGTCAGGTCCCAGGTG	215	181	134	0.84186	0.259669	0.312354	143	106	1.35075
GGGTTGCAGTTTAGGA	213	170	119	0.798122	0.3	0.206957	115	13	1.42857
GGCCGATTCATGTCTT	218	183	130	0.83945	0.289617	0.277778	156	96	1.40769
GGCCGATAGCGTCAAG	218	165	119	0.756881	0.278788	0.167135	178	75	1.38655
CGCCAAGTCGCGGATC	214	165	121	0.771028	0.266667	0.245935	164	88	1.36364
ACACCGGTCATGTCTT	214	175	120	0.817757	0.314286	0.263158	152	81	1.45833
TGCGGGTTCCCAGGTG	215	183	130	0.851163	0.289617	0.171958	126	15	1.40769
CATATTCAGTCGAGTG	215	205	135	0.953488	0.341463	0.217742	155	88	1.51852
CGGCTAGTCCCAGGTG	213	185	136	0.868545	0.264865	0.380952	119	18	1.36029
AGGTCCGTCCCAGGTG	211	186	126	0.881517	0.322581	0.18806	134	99	1.47619
GTGCAGCAGTTTAGGA	212	171	119	0.806604	0.304094	0.24187	123	97	1.43697
TTTGCGCTCCCAGGTG	210	178	125	0.847619	0.297753	0.203252	123	13	1.424
GTGCGGTAGCGTCAAG	210	177	129	0.842857	0.271186	0.170861	151	78	1.37209
AGGCCACTCCCAGGTG	213	170	122	0.798122	0.282353	0.325333	125	109	1.39344
CAGCTGGTCGCGGATC	211	147	103	0.696682	0.29932	0.144258	119	76	1.42718
GGTGCGTAGCGTCAAG	210	164	120	0.780952	0.268293	0.146341	164	81	1.36667
GGCTGGTTCGCGGATC	212	161	111	0.759434	0.310559	0.205556	135	82	1.45045
GCGCAACTCATGTCTT	210	183	134	0.871429	0.26776	0.216129	155	91	1.36567
CACAGGCTCCCAGGTG	209	181	125	0.866029	0.309392	0.35014	119	16	1.448
TCGAGGCTCCCAGGTG	208	178	136	0.855769	0.235955	0.326139	139	109	1.30882
GGGCATCTCATGTCTT	208	173	118	0.831731	0.317919	0.260294	136	82	1.4661
CAGAATCTCCTGCTTG	208	174	111	0.836538	0.362069	0.435294	17	9	1.56757
GGCGTGTTCATGTCTT	206	162	123	0.786408	0.240741	0.224453	137	81	1.31707
AAGCCGCTCGCGGATC	208	160	118	0.769231	0.2625	0.27896	141	80	1.35593
GCGCCAATCATGTCTT	208	180	125	0.865385	0.305556	0.388199	161	82	1.44
CAACCAAGTCGCTTCT	208	185	119	0.889423	0.356757	0.277389	143	84	1.55462
GCAGCCAAGTTTAGGA	205	160	117	0.780488	0.26875	0.319672	122	96	1.36752
AGGTCCGAGTTTAGGA	205	164	113	0.8	0.310976	0.247807	114	89	1.45133
AGCAGCCTCCCAGGTG	204	177	131	0.867647	0.259887	0.204687	128	14	1.35115
CGTCCATTCCCAGGTG	204	166	120	0.813725	0.277108	0.32	125	99	1.38333
GTCTTCGTCCCAGGTG	202	154	97	0.762376	0.37013	0.305031	106	74	1.58763
GACGCGTAGTTTAGGA	202	148	117	0.732673	0.209459	0.1875	104	14	1.26496
GGTGCGTAGTTTAGGA	203	160	111	0.788177	0.30625	0.342593	108	11	1.44144
CGGAGCTTCCCAGGTG	203	172	127	0.847291	0.261628	0.242366	131	94	1.35433
GACGCGTTCATGTCTT	202	163	126	0.806931	0.226994	0.245614	171	82	1.29365
ATGGGAGTCATAACCG	202	181	125	0.89604	0.309392	0.161082	194	92	1.448
GACGCGTAGCGTCAAG	201	152	106	0.756219	0.302632	0.257908	137	79	1.43396
TGAGCCGAGTTTAGGA	200	163	108	0.815	0.337423	0.166667	108	82	1.50926
GTCTCGTCCGATCTGT	201	170	99	0.845771	0.417647	0.853448	116	87	1.71717
TGGGCGTAGCGTCAAG	199	164	118	0.824121	0.280488	0.285024	138	78	1.38983
CGAGCACTCCCAGGTG	200	160	119	0.8	0.25625	0.245868	121	98	1.34454
GTGTGCGTCCCAGGTG	200	170	127	0.85	0.252941	0.311275	136	98	1.33858
